block1	27	0	10	3	4000
block1	50	0	20	3	4000
block1	34	1	15	1	1804
block1	11	0	5	3	4000
block1	2	1	5	1	884
block1	51	0	20	3	4000
block1	20	1	10	1	1242
block1	45	1	20	1	863
block1	25	0	10	3	4000
block1	6	1	5	1	1025
block1	55	0	20	3	4000
block1	37	0	15	3	4000
block1	33	1	15	1	1270
block1	53	0	20	3	4000
block1	49	1	20	1	1870
block1	21	1	10	1	1225
block1	4	1	5	1	693
block1	19	1	10	1	775
block1	5	1	5	1	552
block1	32	1	15	1	1018
block1	28	0	10	3	4000
block1	56	0	20	3	4000
block1	46	1	20	1	890
block1	24	0	10	3	4000
block1	39	0	15	3	4000
block1	31	1	15	1	938
block1	43	1	20	1	776
block1	18	1	10	1	648
block1	17	1	10	1	711
block1	14	0	5	3	4000
block1	29	1	15	1	1035
block1	35	1	15	1	1040
block1	22	0	10	3	4000
block1	8	0	5	3	4000
block1	26	0	10	3	4000
block1	15	1	10	1	754
block1	1	1	5	1	695
block1	12	0	5	3	4000
block1	44	1	20	1	1320
block1	13	0	5	3	4000
block1	9	0	5	3	4000
block1	41	0	15	3	4000
block1	52	0	20	3	4000
block1	54	0	20	3	4000
block1	42	0	15	3	4000
block1	30	1	15	1	944
block1	47	1	20	1	1159
block1	10	0	5	3	4000
block1	38	0	15	3	4000
block1	40	0	15	3	4000
